.Random.seed <-
c(403L, 221L, 1625834131L, -1446139242L, -1766419319L, -1882351630L, 
-2145383221L, -1180131379L, 1019358652L, 1794665897L, 62483009L, 
-1067802276L, 614110746L, -773918234L, 2041092141L, -1464500370L, 
-1621148049L, -1107253003L, -99279541L, 1477678306L, -1889844777L, 
-367804771L, 1601411893L, 509358072L, -115828779L, 1321200887L, 
1184902121L, 1009710968L, -392091238L, 979969941L, 2017927809L, 
1469321296L, 1375838403L, -1148329213L, 556672439L, -1986949065L, 
-1320777904L, 1465792201L, -1175060384L, -1955507890L, 1064238083L, 
-405587546L, 1150428891L, -746352189L, -928696585L, -1108216481L, 
-2082227413L, -433260266L, 830103958L, 619647357L, 341723691L, 
61272343L, 829668607L, -1270089692L, -1248967657L, 1676676260L, 
-1182350618L, 1794964691L, -1613308040L, 763607399L, -267507135L, 
748441386L, 486926177L, -1021757029L, -1905493378L, -285600112L, 
-1665704587L, 1973342291L, -67686242L, 1019114532L, 368454455L, 
41980059L, 259306223L, 1875811805L, 35525403L, 1709043347L, 373769933L, 
777094899L, -1917421138L, 1562799117L, 2018198182L, 1446377764L, 
-459850188L, 1015332778L, 1890577599L, 205799100L, -1645944044L, 
-585116608L, 1180584657L, -449710669L, 2044404931L, 1278826940L, 
16425387L, -1748037272L, -500043552L, 1508101809L, -1738000614L, 
-1813471327L, -1961967510L, 1462267036L, -290890507L, 600528890L, 
805613044L, -1778981885L, -1781557551L, -662268834L, -2142135124L, 
-1320110507L, 229347045L, -320297534L, -1957212601L, -954065996L, 
624061716L, 1171878812L, -2005746342L, -694660411L, -1474707463L, 
159189939L, 1246116310L, -1581179433L, -1297514725L, 1360524455L, 
190751247L, -418788874L, 1956497227L, -1130887483L, 1539523146L, 
990932045L, 1268890149L, -1094534918L, -1370838605L, 1764468677L, 
-516041466L, -642423917L, -1687504219L, 1826172123L, 947151281L, 
-40215364L, 1305632913L, -1665757992L, -2064277827L, -295230939L, 
210124406L, 333994270L, 1689298417L, 1414246676L, 913412676L, 
-609163979L, 236187477L, 1660830287L, -1322796253L, 788880785L, 
-1154654986L, -829817075L, -1076951136L, -1804999572L, -283177190L, 
-1682582065L, -1823267995L, -827968540L, -2113147062L, -1869907943L, 
1972211193L, 1682380611L, -608076481L, -936107808L, 1615475518L, 
-1268336904L, 276107074L, -348661832L, -2133160538L, 1171073565L, 
-1120545944L, 1820570825L, -2101407512L, 1583952797L, 1114009745L, 
692806875L, 307477051L, 1630761976L, 496627460L, 1788557157L, 
1842357726L, 36624625L, 1432228759L, -974986188L, -829627066L, 
408301436L, 1509117370L, -1429768136L, 1568092772L, -705606261L, 
962798646L, -1217564050L, -2047818704L, 1820702046L, -267534010L, 
727278021L, -1900233999L, 815325577L, -555724326L, -426072271L, 
111319318L, 1221884134L, 1629397574L, 1313302581L, 503667004L, 
82610023L, -325550844L, -639057675L, 1328907670L, -59139284L, 
1039321389L, 406562803L, -1763594300L, -1411696592L, -99980079L, 
-118682174L, -680979503L, 1487450274L, -41677374L, 1379785170L, 
1609402617L, 1273810408L, 2100233855L, -1811050716L, -1363168636L, 
2082461012L, -494044857L, 1668968948L, -43787953L, 259027532L, 
-2094897716L, -1287482121L, -2128013910L, -1728833188L, 1918895065L, 
-542713475L, 1181225209L, -1835330950L, -1215772466L, 87635473L, 
517093068L, -429669800L, -1922276529L, -2116548157L, 1722301147L, 
-602459750L, 2081232147L, 1642127742L, -626618091L, 1804633458L, 
2007651676L, 1841136375L, 1067538048L, 197640831L, 1524037473L, 
-1875876868L, 174717040L, -1376945227L, -254482270L, -2058547853L, 
862010149L, 755728918L, -1085362283L, 7892740L, -657464904L, 
-599954909L, 1418812047L, -1428178018L, 1185587944L, -215296239L, 
969942382L, 857567621L, 1745932962L, 2064151049L, -2032529987L, 
-665957897L, 1518043715L, 506641574L, -283220389L, 668455103L, 
830799098L, 1136361641L, 676585607L, -236360779L, 492040241L, 
1980261630L, 1442173150L, 905580790L, 1999930983L, 1161963465L, 
1602934399L, 314790686L, -377361071L, -440385111L, 1384954775L, 
395381174L, -46715243L, -1679113182L, 588278287L, 1367531896L, 
-365841078L, 1094057140L, 170541755L, 929679268L, -1201965565L, 
153185754L, -482355021L, 852980826L, -2124810797L, -1140757695L, 
-482724350L, 297319608L, 1838918382L, 1921157572L, 1520236282L, 
-2015278988L, -1992014626L, 632712267L, 1820813128L, 282606589L, 
380978844L, 466161525L, 1676654166L, 216697223L, 744859237L, 
-171721333L, 802323943L, 1587410056L, -1405785884L, 516432139L, 
-1081809495L, -338426398L, -358072028L, 84069194L, -1285473632L, 
-1467606884L, -695123661L, 1381400745L, 938801854L, -2091254486L, 
-1897710401L, -1226425322L, -746119894L, 689068351L, -1932722353L, 
1915200963L, -1594359482L, 2002197338L, -1203720665L, 1738027258L, 
-755292681L, -163456039L, 513616368L, 1848851817L, 2067811727L, 
-1509501659L, 1432353521L, 758927499L, -1040152322L, 109604299L, 
436694137L, 323311099L, -2007783879L, -887778781L, 17416364L, 
333371531L, -1611165993L, 372092232L, -121842246L, -853129666L, 
2137873290L, -528285382L, 706182021L, -1455783206L, 109224873L, 
-2028869614L, 250955223L, 811103197L, -70009975L, -2058655871L, 
1636970398L, -779584578L, 431514081L, -1773548071L, -937000169L, 
-1262433621L, -776783578L, 859465353L, 2106250647L, -272215291L, 
-702238574L, 905798971L, 1651898152L, 365845236L, -666684767L, 
-2128065787L, -497202010L, -769510835L, 580577948L, 1895248210L, 
-1360168686L, 1410255615L, -1914819859L, -1847215753L, 1494445456L, 
-999023575L, 1315042456L, 159548845L, -435998786L, 55250925L, 
957890085L, -1277323642L, 813651480L, 1515508309L, 170311976L, 
2090663851L, -1413146045L, -967147092L, -1777838946L, 1146199835L, 
-243095799L, -1440326844L, -427428530L, 1964792026L, -543319684L, 
1527885913L, -1559299939L, -1925503775L, -857333227L, 156606414L, 
-239773763L, -1522364420L, -1509233257L, -220900094L, 27430235L, 
-1320125196L, -209627356L, -1207246730L, -225848764L, 401202004L, 
1416181702L, -1512670616L, 1835232305L, 164066983L, -1545102102L, 
-1516204963L, 178183962L, -1168223052L, 2121388019L, -795478967L, 
1115060118L, 1561597518L, -1734475125L, 455758838L, -895586169L, 
-2121018090L, 777102682L, -1008163868L, -865502882L, 1979035849L, 
1760593077L, 1504727792L, -320131316L, 812751583L, 996210452L, 
1038676720L, 1982996170L, 1725183111L, -107829769L, 206117692L, 
998581506L, -1608304241L, 1258844829L, 340786823L, 805184922L, 
541741694L, 1406924422L, 1150003978L, -420683327L, 1139650310L, 
-511422956L, 2021853042L, 1305579026L, 796018288L, 1665648527L, 
1980960730L, 2101202530L, 1392674325L, 531503253L, -1607491366L, 
258837949L, 1720145846L, 634481301L, -274220755L, 377460306L, 
-1440645256L, 1830498077L, 715737981L, -967196551L, -572756456L, 
761898945L, 254664688L, -637313345L, -1035153233L, 89835630L, 
-1778132549L, 1991801147L, 684185003L, -2066767327L, 865483690L, 
701909416L, 1162132403L, 328236776L, -959955227L, -32714961L, 
-430150937L, -442255328L, 1867438696L, 1767591180L, -1076467801L, 
-127784967L, -502298748L, 1069764516L, 1112554276L, 1678667447L, 
-265352377L, -2109726198L, -1778984572L, -1453035162L, 1573518370L, 
1358666818L, 1885366689L, 1523490454L, -347261202L, 278467897L, 
-1586870533L, 1467544306L, 1811100992L, -391052705L, -1292340644L, 
905657676L, -1778219433L, 1029381200L, 1357286900L, 536396359L, 
-685031266L, 382268436L, -1747825469L, -944508220L, -1839434527L, 
32828471L, 89557799L, 1731986134L, 972073309L, 1848309081L, 1323831026L, 
1049614582L, 1567581898L, 820261090L, -993188898L, -2047223611L, 
-124551668L, -1191700999L, 437616953L, 2020502107L, 1241330932L, 
-2006338866L, 1826463412L, 1442042627L, -1369157965L, -1880748279L, 
1159163264L, -303048244L, 1935143902L, 2082305344L, -1131344163L, 
2075874683L, 1168965875L, -1272952359L, 85725080L, -482616036L, 
485058801L, 1853182205L, 2055544405L, -40746107L, 204102591L, 
2060642746L, -1558358447L, -1198956482L, 58145773L, 601181569L, 
897728943L, -1183521106L, -1657906341L, -261178418L, 371963312L, 
1964732891L, 2040637655L, -763806635L, -46786493L, -825536941L, 
